17763568394002505e-31
0
-5329070518200751e-30
0
0
0
0
0
0
-8881784197001252e-31
-8881784197001252e-31
0
-13124150785391253e-31
14432899320127035e-31
0
-8330141206441664e-31
30887719179393758e-31
0
8881784197001252e-31
0
4198994942564532e-30
0
-127675647831893e-29
-3576903225462781e-30
0
-11102230246251565e-32
0
0
0
0
0
0
0
-1.0000000000000009
0
-8881784197001252e-31
0
-26645352591003757e-31
0
0
-3552713678800501e-30
0
0
0
27755575615628914e-31
0
0
-13685845953927815e-31
-11074683856425068e-31
8881784197001252e-30
-8881784197001252e-30
0
0
-3552713678800501e-30
0
-2220446049250313e-30
0
-4440892098500626e-31
-6661338147750939e-31
-15344596834641566e-31
0
-19984014443252818e-31
0
-9528065460765283e-30
9528065460765283e-30
5329070518200751e-30
0
9992007221626409e-31
0
0
-3310816522864407e-30
0
0
0
0
4.690651588876497
0
0
0
0
-5.565815822618484
0
0
16.359039878217803
9.631119689020558
0
0
-4.446788267594517
-3.74784570636365
-2
0
0
