3576903225462781e-30
0
0
0
0
0
0.8798488596515057
0
0.8798488596515066
0
0
0
0
-8330141206441664e-31
0
0
0
3576903225462781e-30
0
7.6
50.69421806616464
0
0
0.815505477478456
0
4.690651588876497
0.8798488596515057
7.495691412727305
0
0
9.00660559436755
0
0
0
0
0
0
4.690651588876497
0
0
0
0
0
0
5.565815822618484
0
0
16.359039878217803
0
9.631119689020558
0
0
0
0
4.446788267594517
0
3.74784570636365
0
2
0
0
5.017460878389996
0
0
0
0
0
0
3310816522864407e-30
0
0
2.2115149373419927
0
10.226601788675316
0
5.565815822618484
0.20852475059124032
0
0
4.23826351700328
0
0
0
0
2.2115149373419927
0
9.631119689020558
0.8798488596515038
0
0
0
0
0
11074683856425068e-31
57868695038996954e-31
0
0
0
7.495691412727311
0
4.446788267594517
0
3.74784570636365
0
3.9362002881452582
5.017460878389996
0
4.187122262393409
0
0
10.226601788675314
2.2115149373419927
0
9.00660559436755
2
0
2.336912496262257
0
0
0
0
0.6805483821277425
0
0
0.8881579543498107
0
0
1.3233569829921819
0
0
3310816522864407e-30
0
3310816522864407e-30
0.5912777158597655
0
9.559708592709368
0.5912777158597665
0
0.2968802384900442
0
5.017460878389996
0
