0
1386902014679708e-31
-2498001805406602e-31
2498001805406602e-31
-6661338147750939e-31
6661338147750939e-31
0
16653345369377348e-32
0
-725929096571172e-31
4140384826700549e-32
-4140384826700549e-32
-33306690738754696e-32
0
6298361329118451e-31
10123557056635978e-32
0
0
3616021681309905e-31
0
0
16653345369377348e-32
-16653345369377348e-32
0
0
0
0
0
4140384826700549e-32
-4140384826700549e-32
0
0
7002678562062281e-32
-7002678562062281e-32
0
0
10512424264419451e-31
0
704047953272517e-32
0
0
638378239159465e-30
36902421779874395e-32
0
0
7216449660063518e-31
3788011382087743e-31
0
3307940203780745e-32
0
3469446951953614e-32
0
21418411601111587e-34
-11843432867982238e-32
0
27755575615628914e-33
0
0
0
3608224830031759e-31
4961309141293668e-31
0
0
3885780586188048e-31
4140384826700549e-32
0
-8248035146264327e-32
0
0
-50832306795523554e-33
0
0
-5551115123125783e-32
0
11102230246251565e-32
0
0
0
16683558124825166e-32
0
18622034995965167e-32
19384768711399912e-33
0
21236414422562145e-32
0
-25673907444456745e-32
0
0
-1715603585483353e-32
477473970089045e-30
-5793099643660797e-31
5793099643660797e-31
0
0
0
-325269425467014e-30
-16796905576856876e-32
1772091808091108e-31
0
-3451782365776796e-31
0
7680096525637901e-32
0
0
0
0
19081958235744878e-32
0
5551115123125783e-32
2220446049250313e-31
0
0
-11102230246251565e-32
0
0
12512960542676798e-32
0
-4440892098500626e-31
4440892098500626e-31
-11102230246251565e-32
0
0
0
9390458285918546e-32
0
0
0
0
8280769653401098e-32
0
0
0
0
0
-3885780586188048e-31
0
0
-5551115123125783e-31
0
-6661338147750939e-31
0
0
