4440892098500626e-31
0
-4440892098500626e-31
20050580191993778e-32
-14356158654980483e-33
0
0
-8326672684688674e-32
0
-2220446049250313e-31
0
0
37552674216965476e-31
8326672684688674e-32
0
9023022600347989e-32
-37552674216965476e-31
0
-33306690738754696e-32
943050322875413e-30
24153546695401626e-32
0
0
0
0
3885780586188048e-31
0
2220446049250313e-31
0
0
0
0
6661338147750939e-31
-1.0000000000000093
0
-13877787807814457e-33
0
-8881784197001252e-31
0
0
-4773959005888173e-30
0
17763568394002505e-31
-8881784197001252e-31
8881784197001252e-31
0
0
0
0
-8881784197001252e-31
8881784197001252e-31
0
0
0
0
0
0
-2220446049250313e-31
2220446049250313e-31
24229997921463593e-31
0
0
0
-4635800718790476e-31
4635800718790476e-31
-20122792321330962e-32
493383588470785e-30
6938893903907228e-32
0
0
0
-11102230246251565e-32
0
0
0
0
0.1549999999999999
0.8024306128057136
0
0
-0.6959168040670396
0
0
5.074620774938158
0.3963630118164219
0
0
-1.1612860676009857
0
0.2165450673261988
0
0
