0
0.1549999999999998
0
0
0
0
0.22977397636713368
0
0.22977397636713368
0
0
0
-9023022600347989e-32
0
4635800718790476e-31
0
0
0
0.1549999999999999
7.6
20.96185404644129
0
3.001576497664184
0.21297059631766926
-943050322875413e-30
0
0.22977397636713368
0
0
0
2.5070898598516025
0
0
0.1549999999999999
0
0
0
0
0
0.1549999999999999
0.8024306128057136
0
0
0
0.6959168040670396
0
0
5.074620774938158
0
0.3963630118164219
0
0
0
0
1.1612860676009857
0
0
0.2165450673261988
0
0
0
1.4840749519098626
0
0
0
0.8024306128057136
0
0
4635800718790476e-31
0
0
0
14356158654980483e-33
2.8256938719428355
0
0.6959168040670396
0.054456581478428016
0
0
1.1068294861225578
0
0
0
0
-20050580191993778e-32
0
0.3963630118164219
0.2297739763671328
0
0
0
0
0
0
0
0
0
4635800718790476e-31
0
0
1.1612860676009857
0
0
0
0.3805145644407803
1.4840749519098626
0.8024306128057138
1.6522578318219268
0
0
2.825693871942835
0
0
2.5070898598516025
0
0.2165450673261988
0.6102885408079132
0
0
0
0
1.0903314784281475
0
0
0
0.15308326463314106
0
0.15308326463314037
0
0
4635800718790476e-31
0
4635800718790476e-31
0
0.0381004396812312
3.6516151415223885
0
0.038100439681231134
0
0.11498282495190981
1.4840749519098626
0
