14988010832439613e-31
0
0
-9372927257714578e-31
0
6661338147750939e-31
0
-8881784197001252e-31
0
26645352591003757e-31
0
-13322676295501878e-31
0
16792123247455493e-31
0
0
3552713678800501e-30
20539125955565396e-31
0
0
0
5764968702515661e-30
0
0
0
4440892098500626e-31
0
2.7480076944215606
15475533602761004e-31
-15475533602761004e-31
0
0
13322676295501878e-31
0
1.3740038472107778
21564775976510609e-32
4.122011541632339
26645352591003757e-31
0
0
0
33306690738754696e-32
0
0
0
2.7480076944215566
2.7480076944215583
0
11307005884630381e-32
0
11102230246251565e-31
0
0
2220446049250313e-31
0
0
0
0
8881784197001252e-31
1.374003847210778
0
0
-1594890089839963e-31
-6029682007200114e-31
14412421756289155e-31
0
8881784197001252e-31
0
0
-11102230246251565e-31
-1.3740038472107787
0
0
0
-8881784197001252e-31
0
0
0
-8881784197001252e-31
0
-17763568394002505e-31
-8881784197001252e-31
0
3552713678800501e-30
0
5620504062164855e-31
0
0
8881784197001252e-31
17763568394002505e-31
0
-14480010498280341e-31
4440892098500626e-31
-1.3740038472107758
-4440892098500626e-31
4440892098500626e-31
-24424906541753444e-31
0
-4.1220115416323475
0
0
0
0
0
0
0
0
0
2983724378680108e-31
-13322676295501878e-31
0
1.374003847210778
4440892098500626e-31
0
1885331385478978e-30
0
0
-21024848528838902e-31
15751289161869408e-31
4440892098500626e-31
0
0
0
7792038736213975e-31
12913737069148152e-32
0
-14716554082629746e-32
0
-4.1220115416323395
4.122011541632344
0
5620504062164855e-31
0
-1665474727743236e-31
0
0
3338755261612017e-30
0
-4810933250042444e-31
0
0
-1594890089839963e-31
