0
0
-3552713678800501e-30
0
0
0
0
0
0
17763568394002505e-31
-1887379141862766e-30
0
23558369167836435e-31
-34416913763379853e-31
0
-3123802952415624e-31
-23558369167836435e-31
0
-4884981308350689e-30
0
-35743547245836173e-32
0
-11102230246251565e-32
-5365354838194172e-30
0
11657341758564144e-31
0
0
0
0
0
0
8881784197001252e-31
-1.0000000000000013
0
-14988010832439613e-31
0
26645352591003757e-31
0
0
-7993605777301127e-30
0
-3552713678800501e-30
3552713678800501e-30
27755575615628914e-31
8859747085140058e-30
0
-20532003353979273e-31
0
7105427357601002e-30
-7105427357601002e-30
0
0
-26645352591003757e-31
0
-3552713678800501e-30
0
-8881784197001252e-31
6661338147750939e-31
8015246823084243e-31
0
-15543122344752192e-31
0
-9412527144243015e-30
9412527144243015e-30
49960036108132044e-31
13322676295501878e-31
11102230246251565e-32
0
0
-14189213669418887e-31
0
0
0
0
4.6906515888765075
0
0
0
0
-5.565815822618494
0
0
16.359039878217825
9.631119689020569
0
0
-4.446788267594523
-3.747845706363651
-2
0
0
