0
-4013599228743547e-32
8326672684688674e-32
-8326672684688674e-32
33306690738754696e-32
-33306690738754696e-32
0
-27755575615628914e-32
0
4793995256622515e-32
-59647045219736054e-34
59647045219736054e-34
8881784197001252e-31
0
-14639241476339538e-32
-7712084228071363e-32
0
0
-19319310575713782e-33
0
0
0
0
0
0
0
0
0
-6971921118394737e-32
6971921118394737e-32
0
0
2160799004030577e-31
-2160799004030577e-31
0
0
-4198030811863873e-31
0
8648926117524812e-33
0
0
2498001805406602e-31
0
0
0
23592239273284576e-32
-3004387968511076e-31
0
12670985069610745e-32
0
6245004513516506e-32
0
0
5883865848919157e-32
0
-27755575615628914e-33
0
16653345369377348e-32
0
2220446049250313e-31
-38163916471489756e-32
0
11102230246251565e-32
-3885780586188048e-31
-59647045219736054e-34
0
7653934399274816e-32
0
0
-7406778347480656e-32
7359736727111249e-32
0
0
0
-11102230246251565e-32
0
0
0
5999273214843962e-32
0
10123339259428766e-32
41240660445848047e-33
0
1219033819319068e-31
0
2706168622523819e-31
0
0
-6651595522590204e-34
2786308780912033e-32
0
-33113927430237093e-32
3150341754835362e-31
480732058133466e-30
0
50353507851398316e-33
-337372919593625e-30
-3498240195448565e-31
0
1245109995123142e-32
0
-1421053853360783e-31
0
0
0
0
-143982048506075e-30
0
0
11102230246251565e-32
0
0
-5551115123125783e-32
0
0
59647045219736054e-34
0
-2220446049250313e-31
-7771561172376096e-31
16653345369377348e-32
0
0
0
-32536747938959655e-32
0
-5551115123125783e-32
-5551115123125783e-32
0
15826166571681703e-33
0
0
-5551115123125783e-32
0
0
4996003610813204e-31
0
0
33306690738754696e-32
0
-27755575615628914e-32
0
11102230246251565e-32
