5365354838194172e-30
0
0
0
0
0
0.8798488596515047
0
0.8798488596515066
0
0
0
0
-3123802952415624e-31
0
0
0
5365354838194172e-30
0
7.6
50.694218066164645
0
0
0.8155054774784564
0
4.6906515888765075
0.8798488596515047
7.495691412727309
0
0
9.006605594367564
0
0
0
0
0
0
4.6906515888765075
0
0
0
0
0
0
5.565815822618494
0
0
16.359039878217825
0
9.631119689020569
0
0
0
0
4.446788267594523
0
3.747845706363651
0
2
0
0
5.017460878390003
0
0
0
0
0
0
14189213669418887e-31
0
0
2.2115149373419976
0
10.22660178867533
0
5.565815822618494
0.2085247505912398
0
0
4.238263517003286
0
0
0
0
2.2115149373419976
0
9.631119689020569
0.8798488596515038
0
0
-8859747085140058e-30
0
0
0
3472121702339816e-30
0
0
0
7.495691412727317
0
4.446788267594523
0
3.747845706363651
0
3.9362002881452596
5.017460878390003
0
4.187122262393414
0
0
10.22660178867533
2.2115149373419976
0
9.006605594367564
2
0
2.3369124962622583
0
0
0
0
0.6805483821277443
0
0
0.888157954349813
0
0
1.3233569829921832
0
0
14189213669418887e-31
0
14189213669418887e-31
0.5912777158597677
0
9.55970859270937
0.5912777158597678
0
0.29688023849004513
0
5.017460878390003
0
