0
0.15500000000000225
0
0
0
0
0.2297739763671315
0
0.22977397636713093
0
0
0
0
0
0
0
0
0
0.15500000000000116
7.6
20.961854046441132
0
3.0015764976641512
0.21297059631766685
0
14498747149699958e-31
0.2297739763671315
-12204642633095235e-31
0
0
2.507089859851578
0
0
0.1549999999999997
0
0
0
0
0
0.1549999999999997
0.8024306128057098
0
0
0
0.6959168040670317
0
0
5.074620774938108
0
0.3963630118164133
0
0
0
0
1.1612860676009735
0
0
0.21654506732619824
0
0
0
1.4840749519098466
0
0
0
0.8024306128057098
0
0
6999779779782505e-31
0
0
16844559488510433e-31
0
2.825693871942807
0
0.6959168040670317
0.05445658147842759
-2553071866086529e-32
0
1.1068294861225465
0
0
0
0
0
0
0.3963630118164133
0.22977397636713293
0
0
0
0
0
0
0
-4547822351709763e-31
0
0
-15548329436606518e-31
0
1.1612860676009735
0
0
0
0.38051456444077414
1.4840749519098464
0.8024306128057098
1.652257831821907
0
0
2.825693871942807
16844559488510433e-31
0
2.507089859851578
0
0.21654506732619824
0.6102885408079068
0
0
0
-28371816118192213e-32
1.0903314784281388
0
0
0
0.15308326463313796
0
0.15308326463313976
0
0
6999779779782505e-31
0
6999779779782505e-31
0
0.038100439681230135
3.651615141522344
0
0.03810043968123015
0
0.11498282495190781
1.4840749519098466
0
