22228477857367253e-31
0
0
-41478673734620425e-32
0
0
0
0
0
0
0
-8881784197001252e-31
-380986934294166e-29
0
4.122011541632261
8881784197001252e-31
0
4416874733636504e-31
0
0
0
3774758283725532e-30
0
0
-8881784197001252e-31
0
0
0
14912210596414176e-31
-14912210596414176e-31
0
-2220446049250313e-31
8881784197001252e-31
0
1.374003847210753
10833222886077104e-31
0
-4440892098500626e-31
0
0
0
-2220446049250313e-31
1.374003847210749
11102230246251565e-32
0
2.7480076944215055
2.7480076944215046
0
16653345369377348e-32
0
-7771561172376096e-31
0
1.3740038472107499
971445146547012e-30
0
0
0
0
4531110522369279e-32
1.3740038472107534
-3524958103184872e-30
0
7683917670926085e-32
7456280457520416e-31
943689570931383e-30
0
-6661338147750939e-31
0
0
0
0
0
0
0
0
0
0
0
-8881784197001252e-31
0
17763568394002505e-31
26645352591003757e-31
0
-2220446049250313e-30
1.3740038472107543
0
0
0
8881784197001252e-31
4.122011541632259
0
-10067807457651847e-31
0
0
-13322676295501878e-31
0
4440892098500626e-31
-11102230246251565e-31
0
15543122344752192e-31
0
-8454868468979248e-32
0
3552713678800501e-30
0
0
0
0
-11102230246251565e-32
-46629367034256575e-31
0
0
2220446049250313e-31
0
943689570931383e-30
0
0
13979788267890108e-31
33861802251067274e-31
-2220446049250313e-31
0
0
0
-3608224830031759e-30
33400120844623203e-33
0
9597377139534795e-31
0
23314683517128287e-31
0
0
-11934897514720433e-31
0
-28975761650077714e-31
0
0
-14372270446481653e-31
0
-25364537682909574e-31
0
0
2220446049250313e-30
