0
0
-4440892098500626e-31
16844559488510433e-31
0
0
0
10824674490095276e-31
0
-20600750005821725e-31
5828670879282072e-31
28371816118192213e-32
-15881563976783757e-31
19984014443252818e-31
0
0
15881563976783757e-31
0
-12212453270876722e-31
14498747149699958e-31
2760052978560423e-30
0
-5551115123125783e-32
14710455076283324e-31
0
5551115123125783e-32
-2220446049250313e-31
0
0
0
0
0
-6661338147750939e-31
-0.9999999999999987
0
15265566588595902e-32
2553071866086529e-32
-2220446049250313e-31
0
0
-8881784197001252e-31
0
3552713678800501e-30
0
-19984014443252818e-31
0
0
24519574280727424e-32
0
-4440892098500626e-31
4440892098500626e-31
-4440892098500626e-31
4440892098500626e-31
-6661338147750939e-31
0
6102321316547617e-31
0
4440892098500626e-31
-2220446049250313e-31
-7616515342351414e-31
0
0
0
-36560929762712224e-32
36560929762712224e-32
3677613769070831e-31
-18041124150158794e-31
-13877787807814457e-33
0
0
-6999779779782505e-31
0
0
0
0
0
0.1549999999999997
0.8024306128057098
0
0
-0.6959168040670317
0
0
5.074620774938108
0.3963630118164133
0
0
-1.1612860676009735
0
0.21654506732619824
0
0
